[0.42809017 0.45192346 0.55543966 0.18047887 0.69544364 0.94083028
 0.23629891 0.49863412 0.12747552 0.96092527 0.81925182 0.99730782
 0.39953948 0.79974274 0.89378856 0.06027031 0.36334243 0.19581718
 0.78138099 0.24926948 0.82699102 0.76718158 0.73579054 0.77562356
 0.73908904 0.189576   0.68052959 0.97075272 0.44231804 0.45740071
 0.49305865 0.25105618 0.66197479 0.23531537 0.14388427 0.63153973
 0.41653468 0.98564049 0.03999608 0.46926697 0.97065534 0.63792502
 0.74416238 0.9712161  0.09863957 0.85302011 0.64415172 0.16310855
 0.825353   0.61703642 0.3214988  0.56316324 0.42013335 0.26533167
 0.24446508 0.27762061 0.25861875 0.41599069 0.42284109 0.16334993
 0.77330725 0.70685149 0.38698054 0.97797965 0.7405745  0.56289192
 0.9910759  0.21530926 0.89816028 0.28702197 0.24125508 0.91548908
 0.46333667 0.5622197  0.0183534  0.22792592 0.77179629 0.98943136
 0.88883811 0.4733536  0.26777649 0.18662081 0.49282091 0.88917226
 0.88492982 0.57486424 0.40849225 0.82279847 0.31654181 0.87036753
 0.65344713 0.74871113 0.95222672 0.11457011 0.15880756 0.50511509
 0.88358264 0.59774187 0.13316381 0.39070704]
